00, 00, 00, 00, 00, 00, 00, 00, 00, 00, 00, 00, 00, 00, 00, 00
00, 00, 00, 00, 00, 00, 00, 00, 00, 00, 00, 00, 00, 00, 00, 00
00, 00, 00, 00, 00, 00, 00, 00, 00, 00, 00, 00, 00, 00, 00, 00
00, 00, 00, 00, 00, 00, 00, 00, 00, 00, 00, 00, 00, 00, 00, 00
00, 00, 00, 00, 00, 00, 00, 00, 00, 00, 00, 00, 00, 00, 00, 00
00, 00, 00, 00, 00, 00, 00, 00, 00, 00, 00, 00, 00, 00, 00, 00
00, 00, 00, 00, 00, 00, 00, 00, 00, 00, 00, 00, 00, 00, 00, 00
00, 00, 00, 00, 00, 00, 00, 00, 00, 00, 00, 00, 00, 00, 00, 00
00, 00, 00, 00, 00, 00, 00, 00, 00, 00, 00, 00, 00, 00, 00, 00
00, 00, 00, 00, 00, 00, 00, 00, 00, 00, 00, 00, 00, 00, 00, 00
00, 00, 00, 00, 00, 00, 00, 00, 00, 00, 00, 00, 00, 00, 00, 00
00, 00, 00, 00, 00, 00, 00, 00, 00, 00, 00, 00, 00, 00, 00, 00
00, 00, 00, 00, 00, 00, 00, 00, 00, 00, 00, 00, 00, 00, 00, 00
00, 00, 00, 00, 00, 00, 00, 00, 00, 00, 00, 00, 00, 00, 00, 00
00, 00, 00, 00, 00, 00, 00, 00, 00, 00, 00, 00, 00, 00, 00, 00
00, 00, 00, 00, 00, 00, 00, 00, 00, 00, 00, 00, 00, 00, 00, 00
00, 00, 00, 00, 00, 00, 00, 00, 00, 00, 00, 00, 00, 00, 00, 00
00, 00, 00, 00, 00, 00, 00, 00, 00, 00, 00, 00, 00, 00, 00, 00
00, 00, 00, 00, 00, 00, 00, 00, 00, 00, 00, 00, 00, 00, 00, 00
00, 00, 00, 00, 00, 00, 00, 00, 00, 00, 00, 00, 00, 00, 00, 00
00, 00, 00, 00, 00, 00, 00, 00, 00, 00, 00, 00, 00, 00, 00, 00
00, 00, 00, 00, 00, 00, 00, 00, 00, 00, 00, 00, 00, 00, 00, 00
00, 00, 00, 00, 00, 00, 00, 00, 00, 00, 00, 00, 00, 00, 00, 00
00, 00, 00, 00, 00, 00, 00, 00, 00, 00, 00, 00, 00, 00, 00, 00
00, 00, 00, 00, 00, 00, 00, 00, 00, 00, 00, 00, 00, 00, 00, 00
00, 00, 00, 00, 00, 00, 00, 00, 00, 00, 00, 00, 00, 00, 00, 00
00, 00, 00, 00, 00, 00, 00, 00, 00, 00, 00, 00, 00, 00, 00, 00
00, 00, 00, 00, 00, 00, 00, 00, 00, 00, 00, 00, 00, 00, 00, 00
00, 00, 00, 00, 00, 00, 00, 00, 00, 00, 00, 00, 00, 00, 00, 00
00, 00, 00, 00, 00, 00, 00, 00, 00, 00, 00, 00, 00, 00, 00, 00
00, 00, 00, 00, 00, 00, 00, 00, 00, 00, 00, 00, 00, 00, 00, 00
00, 00, 00, 00, 00, 00, 00, 00, 00, 00, 00, 00, 00, 00, 00, 00
00, 00, 00, 00, 00, 00, 00, 00, 00, 00, 00, 00, 00, 00, 00, 00
00, 00, 00, 00, 00, 00, 00, 00, 00, 00, 00, 00, 00, 00, 00, 00
00, 00, 00, 00, 00, 00, 00, 00, 00, 00, 00, 00, 00, 00, 00, 00
00, 00, 00, 00, 00, 00, 00, 00, 00, 00, 00, 00, 00, 00, 00, 00
00, 00, 00, 00, 00, 00, 00, 00, 00, 00, 00, 00, 00, 00, 00, 00
00, 00, 00, 00, 00, 00, 00, 00, 00, 00, 00, 00, 00, 00, 00, 00
00, 00, 00, 00, 00, 00, 00, 00, 00, 00, 00, 00, 00, 00, 00, 00
00, 00, 00, 00, 00, 00, 00, 00, 00, 00, 00, 00, 00, 00, 00, 00
00, 00, 00, 00, 00, 00, 00, 00, 00, 00, 00, 00, 00, 00, 00, 00
00, 00, 00, 00, 00, 00, 00, 00, 00, 00, 00, 00, 00, 00, 00, 00
00, 00, 00, 00, 00, 00, 00, 00, 00, 00, 00, 00, 00, 00, 00, 00
00, 00, 00, 00, 00, 00, 00, 00, 00, 00, 00, 00, 00, 00, 00, 00
00, 00, 00, 00, 00, 00, 00, 00, 00, 00, 00, 00, 00, 00, 00, 00
00, 00, 00, 00, 00, 00, 00, 00, 00, 00, 00, 00, 00, 00, 00, 00
00, 00, 00, 00, 00, 00, 00, 00, 00, 00, 00, 00, 00, 00, 00, 00
00, 00, 00, 00, 00, 00, 00, 00, 00, 00, 00, 00, 00, 00, 00, 00
00, 00, 00, 00, 00, 01, 02, 03, 04, 05, 00, 00, 00, 00, 00, 00
00, 00, 00, 00, 00, 00, 00, 00, 00, 06, 07, 08, 00, 00, 00, 00
00, 00, 00, 00, 00, 00, 00, 00, 00, 09, 0A, 0B, 00, 00, 00, 00
00, 00, 00, 00, 00, 00, 00, 00, 00, 00, 00, 00, 00, 00, 00, 00
00, 00, 00, 00, 0C, 00, 00, 00, 00, 0D, 00, 0E, 00, 0F, 10, 00
00, 11, 00, 12, 13, 00, 14, 15, 00, 00, 00, 16, 17, 18, 19, 00
1A, 1B, 00, 1C, 1D, 1E, 1F, 00, 80, 81, 81, 81, 82, 83, 00, 00
00, 00, 00, 00, 00, 00, 00, 00, 00, 00, 00, 00, 00, 00, 00, 00
00, 00, 1D, 00, 00, 00, 00, 00, 00, 00, 00, 00, 00, 0D, 84, 85
86, 87, 00, 00, 00, 00, 00, 00, 00, 00, 00, 00, 00, 00, 00, 00
00, 00, 00, 00, 00, 00, 00, 00, 00, 00, 00, 00, 00, 00, 00, 00
00, 00, 00, 00, 00, 00, 00, 00, 00, 00, 00, 00, 00, 00, 00, 00
00, 00, 00, 00, 00, 00, 00, 00, 00, 00, 00, 00, 00, 00, 00, 00
00, 00, 00, 00, 00, 00, 00, 00, 00, 00, 00, 00, 00, 00, 00, 00
00, 00, 00, 00, 00, 00, 00, 00, 00, 00, 00, 00, 00, 00, 00, 88
00, 00, 00, 00, 00, 00, 00, 00, 00, 00, 00, 00, 00, 00, 00, 00
00, 00, 00, 00, 00, 00, 00, 00, 00, 00, 00, 00, 00, 00, 00, 00
00, 00, 00, 00, 00, 00, 00, 00, 00, 00, 00, 00, 00, 00, 00, 00
00, 00, 00, 00, 00, 00, 00, 00, 00, 00, 00, 00, 00, 00, 00, 00
00, 00, 00, 00, 00, 00, 00, 00, 00, 00, 00, 00, 00, 00, 00, 00
89, 00, 00, 00, 00, 00, 00, 00, 00, 00, 00, 00, 00, 00, 00, 00
00, 00, 00, 00, 00, 00, 00, 00, 00, 00, 00, 00, 00, 00, 00, 00
00, 00, 00, 00, 00, 00, 00, 00, 00, 00, 00, 00, 00, 00, 00, 00
00, 8A, 00, 00, 00, 00, 00, 00, 00, 00, 00, 00, 00, 00, 00, 00
8B, 00, 00, 00, 00, 00, 00, 00, 00, 00, 00, 00, 00, 00, 00, 00
00, 00, 00, 00, 00, 00, 00, 00, 00, 00, 00, 00, 00, 00, 00, 00
00, 00, 00, 00, 00, 00, 00, 00, 00, 00, 00, 00, 00, 00, 00, 00
00, 8C, 00, 00, 00, 00, 00, 00, 00, 00, 00, 00, 00, 00, 00, 00
8D, 00, 00, 00, 00, 00, 00, 00, 00, 00, 00, 00, 00, 00, 00, 00
00, 00, 00, 00, 00, 00, 00, 00, 00, 00, 00, 00, 00, 00, 00, 00
00, 00, 00, 00, 00, 00, 00, 00, 00, 00, 00, 00, 00, 00, 00, 00
00, 8E, 00, 00, 00, 00, 00, 00, 00, 00, 00, 00, 00, 00, 00, 00
8F, 00, 00, 00, 00, 00, 00, 00, 00, 00, 00, 00, 00, 00, 00, 00
00, 00, 00, 00, 00, 00, 00, 00, 00, 00, 00, 00, 00, 00, 00, 00
00, 00, 00, 00, 00, 00, 00, 00, 00, 00, 00, 00, 00, 00, 00, 00
00, 90, 00, 00, 00, 00, 00, 00, 00, 00, 00, 00, 00, 00, 00, 00
91, 00, 00, 00, 00, 00, 00, 00, 00, 00, 00, 00, 00, 00, 00, 00
00, 00, 00, 00, 00, 00, 00, 00, 00, 00, 00, 00, 00, 92, 00, 00
00, 00, 00, 00, 00, 00, 00, 00, 00, 00, 00, 00, 00, 00, 00, 00
00, 00, 00, 00, 00, 00, 00, 00, 00, 00, 00, 00, 00, 00, 00, 00
00, 00, 00, 00, 00, 00, 00, 00, 00, 00, 00, 00, 00, 00, 00, 00
00, 00, 00, 00, 00, 00, 00, 00, 00, 00, 00, 00, 00, 93, 00, 00
00, 00, 00, 00, 00, 00, 00, 00, 00, 00, 00, 00, 00, 00, 00, 00
00, 00, 00, 00, 00, 00, 00, 00, 00, 00, 00, 00, 00, 00, 00, 00
00, 00, 00, 00, 00, 00, 00, 00, 00, 00, 00, 00, 00, 00, 00, 00
00, 00, 00, 00, 00, 00, 00, 00, 00, 00, 00, 00, 00, 00, 00, 00
00, 00, 00, 00, 00, 00, 00, 00, 00, 00, 00, 00, 00, 00, 00, 00
00, 00, 00, 00, 00, 00, 00, 00, 00, 00, 00, 00, 00, 00, 00, 00
00, 00, 00, 00, 00, 00, 00, 00, 00, 00, 00, 00, 00, 00, 00, 00
00, 00, 00, 00, 00, 00, 00, 00, 00, 00, 00, 00, 00, 00, 00, 00
00, 00, 00, 00, 00, 00, 00, 00, 00, 00, 00, 00, 00, 00, 00, 00
00, 00, 00, 00, 00, 00, 00, 00, 00, 00, 00, 00, 00, 00, 00, 00
00, 00, 00, 00, 00, 00, 00, 00, 00, 94, 00, 00, 00, 00, 00, 00
00, 00, 00, 00, 00, 00, 00, 00, 00, 00, 00, 00, 00, 00, 00, 00
00, 00, 00, 00, 00, 00, 00, 00, 95, 00, 00, 00, 00, 00, 00, 00
00, 00, 00, 00, 00, 00, 00, 00, 00, 00, 00, 00, 00, 00, 00, 00
00, 00, 00, 00, 00, 00, 00, 00, 00, 00, 00, 00, 00, 00, 00, 00
00, 00, 00, 00, 00, 00, 00, 00, 00, 00, 00, 00, 00, 00, 00, 00
00, 00, 00, 00, 00, 00, 00, 00, 00, 00, 00, 00, 00, 00, 00, 00
00, 00, 00, 00, 00, 00, 00, 00, 00, 00, 00, 00, 00, 00, 00, 00
00, 00, 00, 00, 00, 00, 00, 00, 00, 00, 00, 00, 00, 00, 00, 00
00, 00, 00, 00, 00, 00, 00, 00, 00, 00, 00, 00, 00, 00, 00, 00
00, 00, 00, 00, 00, 00, 00, 00, 00, 00, 00, 00, 00, 00, 00, 00
00, 00, 00, 00, 00, 00, 00, 00, 00, 00, 00, 00, 00, 00, 00, 00
00, 00, 00, 00, 00, 00, 00, 00, 00, 00, 00, 00, 00, 00, 00, 00
00, 00, 00, 00, 00, 00, 00, 00, 00, 00, 00, 00, 00, 00, 00, 00
00, 00, 00, 00, 00, 00, 00, 00, 00, 00, 00, 00, 00, 00, 00, 00
00, 00, 00, 00, 00, 00, 00, 00, 00, 00, 00, 00, 00, 00, 00, 00
00, 00, 00, 00, 00, 00, 00, 00, 00, 00, 00, 00, 00, 00, 00, 00
00, 00, 00, 00, 00, 00, 00, 00, 00, 00, 00, 00, 00, 00, 00, 00
00, 00, 00, 00, 00, 00, 00, 00, 00, 00, 00, 00, 00, 00, 00, 00
00, 00, 00, 00, 00, 00, 00, 00, 00, 00, 00, 00, 00, 00, 00, 00
00, 00, 00, 00, 00, 00, 00, 00, 00, 00, 00, 00, 00, 00, 00, 00
00, 00, 00, 00, 00, 00, 00, 00, 00, 00, 00, 00, 00, 00, 00, 00
00, 00, 00, 00, 00, 00, 00, 00, 00, 00, 00, 00, 00, 00, 00, 00
00, 00, 00, 00, 00, 00, 00, 00, 00, 00, 00, 00, 00, 00, 00, 00
00, 00, 00, 00, 00, 00, 00, 00, 00, 00, 00, 00, 00, 00, 00, 00
00, 00, 00, 00, 00, 00, 00, 00, 00, 00, 00, 00, 00, 00, 00, 00
00, 00, 00, 00, 00, 00, 00, 00, 00, 00, 00, 00, 00, 00, 00, 00
00, 00, 00, 00, 00, 00, 00, 00, 00, 00, 00, 00, 00, 00, 00, 00
00, 96, 97, 98, 99, 00, 00, 00, 00, 00, 00, 00, 00, 00, 00, 00
00, 00, 00, 00, 00, 00, 00, 00, 00, 00, 00, 00, 00, 00, 00, 00
00, 00, 00, 00, 00, 00, 00, 00, 00, 00, 00, 00, 00, 00, 00, 00
00, 00, 00, 00, 00, 00, 00, 00, 00, 00, 00, 00, 00, 00, 00, 00
9A, 9B, 9C, 9D, 9E, 9F, 00, 00, 00, 00, 00, 00, 00, 00, 00, 00
00, 00, 00, 00, 00, 00, 00, 00, 00, 00, 00, 00, 00, 00, 00, 00
00, 00, 00, 00, 00, 00, 00, 00, 00, 00, 00, 00, 00, 00, 00, 00
00, 00, 00, 00, 00, 00, 00, 00, 00, 00, 00, 00, 00, 00, 00, 00
A0, A1, A2, A3, A4, A5, 00, 00, 00, 00, 00, 00, 00, 00, 00, 00
00, 00, 00, 00, 00, 00, 00, 00, 00, 00, 00, 00, 00, 00, 00, 00
00, 00, 00, 00, 00, 00, 00, 00, 00, 00, 00, 00, A6, A7, 00, A8
A9, 00, 00, 00, 00, 00, 00, 00, 00, 00, 00, 00, 00, 00, 00, 00
AA, AB, AC, AD, AE, AF, 00, 00, 00, 00, 00, 00, 00, 00, 00, 00
00, 00, 00, 00, 00, 00, 00, 00, 00, 00, 00, 00, 00, 00, 00, 00
00, 00, 00, 00, 00, 00, 00, 00, 00, 00, 00, 00, B0, B1, 00, B1
B2, 00, 00, 00, 00, 00, 00, 00, 00, 00, 00, 00, 00, 00, 00, 00
B3, B4, B5, B6, B7, B8, 00, 00, 00, 00, 00, 00, 00, 00, 00, 00
00, 00, 00, 00, 00, 00, 00, 00, 00, 00, 00, 00, 00, 00, 00, 00
00, 00, 00, 00, 00, 00, 00, 00, 00, 00, 00, 00, 00, B9, BA, BB
BC, 00, 00, 00, 00, 00, 00, 00, 00, 00, 00, 00, 00, 00, 00, 00
BD, BE, BF, C0, C1, C2, 00, 00, 00, 00, 00, 00, 00, 00, 00, 00
00, 00, 00, 00, 00, 00, 00, 00, 00, 00, 00, 00, 00, 00, 00, 00
00, 00, 00, 00, 00, 00, 00, 00, 00, 00, 00, 00, 00, 00, 00, 00
00, 00, 00, 00, 00, 00, 00, 00, 00, 00, 00, 00, 00, 00, 00, 00
48, 61, 70, 70, 79, 20, 62, 69, 72, 74, 68, 64, 61, 79, 20, 74
6F, 20, 6D, 79, 20, 73, 6F, 6E, 2C, 20, 5A, 61, 6B, 65, 72, 79
20, 43, 6C, 61, 72, 6B, 65, 2C, 20, 6C, 6F, 76, 65, 20, 64, 61
64, 2E, 20, 20, 20, 20, 20, 20, 20, 20, 20, 20, 20, 20, 20, 20
00, 00, 00, 00, 00, 00, 00, 00, 00, 00, 00, 00, 00, 00, 00, 00
00, 00, 00, 00, 00, 00, 00, 00, 00, 00, 00, 00, 00, 00, 00, 00
00, 00, 00, 00, 00, 00, 00, 00, 00, 00, 00, 00, 00, 00, 00, 00
00, 00, 00, 00, 00, 00, 00, 00, 00, 00, 00, 00, 00, 00, 00, 00
4D, 69, 67, 68, 74, 79, 20, 6F, 61, 6B, 73, 20, 66, 72, 6F, 6D
20, 6C, 69, 74, 74, 6C, 65, 20, 61, 63, 6F, 72, 6E, 73, 3B, 20
50, 75, 72, 73, 75, 65, 20, 79, 6F, 75, 72, 20, 70, 61, 73, 73
69, 6F, 6E, 73, 2E, 20, 2D, 2D, 6A, 6A, 6F, 68, 6E, 20, 20, 20
00, 00, 00, 00, 00, 00, 00, 00, 00, 00, 00, 00, 00, 00, 00, 00
00, 00, 00, 00, 00, 00, 00, 00, 00, 00, 00, 00, 00, 00, 00, 00
00, 00, 00, 00, 00, 00, 00, 00, 00, 00, 00, 00, 00, 00, 00, 00
00, 00, 00, 00, 00, 00, 00, 00, 00, 00, 00, 00, 00, 00, 00, 00
43, 6F, 6E, 67, 72, 61, 74, 75, 6C, 61, 74, 69, 6F, 6E, 73, 20
74, 6F, 20, 4D, 69, 63, 68, 61, 65, 6C, 20, 61, 6E, 64, 20, 4D
65, 6C, 6F, 6E, 65, 65, 20, 6F, 6E, 20, 79, 6F, 75, 72, 20, 77
65, 64, 64, 69, 6E, 67, 20, 20, 20, 20, 20, 20, 20, 20, 20, 20
00, 00, 00, 00, 00, 00, 00, 00, 00, 00, 00, 00, 00, 00, 00, 00
00, 00, 00, 00, 00, 00, 00, 00, 00, 00, 00, 00, 00, 00, 00, 00
00, 00, 00, 00, 00, 00, 00, 00, 00, 00, 00, 00, 00, 00, 00, 00
00, 00, 00, 00, 00, 00, 00, 00, 00, 00, 00, 00, 00, 00, 00, 00
57, 61, 74, 74, 65, 72, 6F, 74, 74, 20, 65, 6C, 65, 63, 74, 72
6F, 6E, 69, 63, 20, 2D, 20, 77, 77, 77, 2E, 77, 61, 74, 74, 65
72, 6F, 74, 74, 2E, 63, 6F, 6D, 20, 20, 20, 20, 20, 20, 20, 20
20, 20, 20, 20, 20, 20, 20, 20, 20, 20, 20, 20, 20, 20, 20, 20
00, 00, 00, 00, 00, 00, 00, 00, 00, 00, 00, 00, 00, 00, 00, 00
00, 00, 00, 00, 00, 00, 00, 00, 00, 00, 00, 00, 00, 00, 00, 00
00, 00, 00, 00, 00, 00, 00, 00, 00, 00, 00, 00, 00, 00, 00, 00
00, 00, 00, 00, 00, 00, 00, 00, 00, 00, 00, 00, 00, 00, 00, 00
53, 61, 72, 65, 76, 69, 61, 6E, 2B, 50, 4B, 20, 28, 32, 30, 31
32, 29, 3A, 1B, 4B, 49, 54, 58, 49, 5A, 48, 4F, 52, 55, 5A, 4F
5E, 16, 5F, 5E, 57, 52, 59, 5E, 49, 5A, 4F, 5E, 16, 5C, 5E, 55
5E, 49, 5A, 4F, 5E, 16, 52, 57, 57, 4E, 56, 52, 55, 5A, 4F, 5E
00, 00, 00, 00, 00, 00, 00, 00, 00, 00, 00, 00, 00, 00, 00, 00
00, 00, 00, 00, 00, 00, 00, 00, 00, 00, 00, 00, 00, 00, 00, 00
00, 00, 00, 00, 00, 00, 00, 00, 00, 00, 00, 00, 00, 00, 00, 00
00, 00, 00, 00, 00, 00, 00, 00, 00, 00, 00, 00, 00, 00, 00, 00
54, 61, 6D, 6D, 79, 3A, 20, 54, 68, 61, 6E, 6B, 73, 20, 66, 6F
72, 20, 62, 65, 69, 6E, 67, 20, 74, 68, 65, 20, 62, 65, 73, 74
20, 77, 69, 66, 65, 20, 65, 76, 65, 72, 2E, 20, 4C, 6F, 76, 65
2C, 20, 52, 6F, 79, 2E, 20, 20, 20, 20, 20, 20, 20, 20, 20, 20
00, 00, 00, 00, 00, 00, 00, 00, 00, 00, 00, 00, 00, 00, 00, 00
00, 00, 00, 00, 00, 00, 00, 00, 00, 00, 00, 00, 00, 00, 00, 00
00, 00, 00, 00, 00, 00, 00, 00, 00, 00, 00, 00, 00, 00, 00, 00
00, 00, 00, 00, 00, 00, 00, 00, 00, 00, 00, 00, 00, 00, 00, 00
21, 20, 48, 61, 70, 70, 79, 20, 48, 61, 63, 6B, 69, 6E, 67, 20
61, 6E, 64, 20, 52, 65, 74, 72, 6F, 20, 47, 61, 6D, 69, 6E, 67
20, 74, 6F, 20, 61, 6C, 6C, 2C, 20, 66, 72, 6F, 6D, 20, 54, 68
65, 20, 43, 6F, 77, 62, 6F, 79, 43, 6F, 64, 65, 72, 20, 21, 20
00, 00, 00, 00, 00, 00, 00, 00, 00, 00, 00, 00, 00, 00, 00, 00
00, 00, 00, 00, 00, 00, 00, 00, 00, 00, 00, 00, 00, 00, 00, 00
00, 00, 00, 00, 00, 00, 00, 00, 00, 00, 00, 00, 00, 00, 00, 00
00, 00, 00, 00, 00, 00, 00, 00, 00, 00, 00, 00, 00, 00, 00, 00
40, 42, 4D, 35, 6B, 20, 40, 64, 65, 76, 66, 75, 20, 40, 67, 61
6E, 67, 70, 6C, 61, 6E, 6B, 20, 40, 68, 65, 61, 74, 73, 79, 6E
63, 6C, 61, 62, 73, 20, 20, 20, 20, 20, 20, 20, 20, 20, 20, 20
20, 20, 20, 20, 20, 20, 20, 20, 20, 20, 20, 20, 20, 20, 20, 20
00, 00, 00, 00, 00, 00, 00, 00, 00, 00, 00, 00, 00, 00, 00, 00
00, 00, 00, 00, 00, 00, 00, 00, 00, 00, 00, 00, 00, 00, 00, 00
00, 00, 00, 00, 00, 00, 00, 00, 00, 00, 00, 00, 00, 00, 00, 00
00, 00, 00, 00, 00, 00, 00, 00, 00, 00, 00, 00, 00, 00, 00, 00
47, 61, 62, 79, 52, 6F, 63, 6B, 73, 2E, 63, 6F, 6D, 20, 26, 20
54, 65, 61, 67, 61, 6E, 52, 6F, 63, 6B, 73, 2E, 63, 6F, 6D, 20
20, 20, 20, 20, 20, 20, 20, 20, 20, 20, 20, 20, 20, 20, 20, 20
20, 20, 20, 20, 20, 20, 20, 20, 20, 20, 20, 20, 20, 20, 20, 20
00, 00, 00, 00, 00, 00, 00, 00, 00, 00, 00, 00, 00, 00, 00, 00
00, 00, 00, 00, 00, 00, 00, 00, 00, 00, 00, 00, 00, 00, 00, 00
00, 00, 00, 00, 00, 00, 00, 00, 00, 00, 00, 00, 00, 00, 00, 00
00, 00, 00, 00, 00, 00, 00, 00, 00, 00, 00, 00, 00, 00, 00, 00
4E, 65, 76, 65, 72, 20, 74, 6F, 6F, 20, 6C, 61, 74, 65, 20, 74
6F, 20, 68, 61, 76, 65, 20, 61, 20, 6C, 69, 66, 65, 2C, 20, 4E
65, 76, 65, 72, 20, 74, 6F, 6F, 20, 6C, 61, 74, 65, 20, 74, 6F
20, 63, 68, 61, 6E, 67, 65, 20, 6F, 6E, 65, 2E, 20, 20, 20, 20
00, 00, 00, 00, 00, 00, 00, 00, 00, 00, 00, 00, 00, 00, 00, 00
00, 00, 00, 00, 00, 00, 00, 00, 00, 00, 00, 00, 00, 00, 00, 00
00, 00, 00, 00, 00, 00, 00, 00, 00, 00, 00, 00, 00, 00, 00, 00
00, 00, 00, 00, 00, 00, 00, 00, 00, 00, 00, 00, 00, 00, 00, 00
53, 70, 65, 63, 69, 61, 6C, 20, 74, 68, 61, 6E, 6B, 73, 20, 74
6F, 20, 52, 75, 73, 73, 65, 6C, 6C, 20, 48, 6F, 6C, 74, 20, 20
20, 20, 20, 20, 20, 20, 20, 20, 20, 20, 20, 20, 20, 20, 20, 20
20, 20, 20, 20, 20, 20, 20, 20, 20, 20, 20, 20, 20, 20, 20, 20
00, 00, 00, 00, 00, 00, 00, 00, 00, 00, 00, 00, 00, 00, 00, 00
00, 00, 00, 00, 00, 00, 00, 00, 00, 00, 00, 00, 00, 00, 00, 00
00, 00, 00, 00, 00, 00, 00, 00, 00, 00, 00, 00, 00, 00, 00, 00
00, 00, 00, 00, 00, 00, 00, 00, 00, 00, 00, 00, 00, 00, 00, 00
50, 72, 6F, 6A, 65, 63, 74, 20, 62, 61, 63, 6B, 65, 64, 20, 62
79, 20, 44, 65, 72, 65, 6B, 20, 44, 75, 6B, 65, 73, 20, 20, 20
20, 20, 20, 20, 20, 20, 20, 20, 20, 20, 20, 20, 20, 20, 20, 20
20, 20, 20, 20, 20, 20, 20, 20, 20, 20, 20, 20, 20, 20, 20, 20
00, 00, 00, 00, 00, 00, 00, 00, 00, 00, 00, 00, 00, 00, 00, 00
00, 00, 00, 00, 00, 00, 00, 00, 00, 00, 00, 00, 00, 00, 00, 00
00, 00, 00, 00, 00, 00, 00, 00, 00, 00, 00, 00, 00, 00, 00, 00
00, 00, 00, 00, 00, 00, 00, 00, 00, 00, 00, 00, 00, 00, 00, 00
2D, 2D, 2D, 2D, 2D, 2D, 2D, 2D, 2D, 2D, 2D, 2D, 2D, 2D, 2D, 2D
2D, 2D, 2D, 2D, 20, 28, 43, 29, 20, 47, 61, 6D, 65, 64, 75, 69
6E, 6F, 2E, 63, 6F, 6D, 20, 32, 30, 31, 31, 20, 2D, 2D, 2D, 2D
2D, 2D, 2D, 2D, 2D, 2D, 2D, 2D, 2D, 2D, 2D, 2D, 2D, 2D, 2D, 2D
00, 00, 00, 00, 00, 00, 00, 00, 00, 00, 00, 00, 00, 00, 00, 00
00, 00, 00, 00, 00, 00, 00, 00, 00, 00, 00, 00, 00, 00, 00, 00
00, 00, 00, 00, 00, 00, 00, 00, 00, 00, 00, 00, 00, 00, 00, 00
00, 00, 00, 00, 00, 00, 00, 00, 00, 00, 00, 00, 00, 00, 00, 00
00, 00, 00, 00, 00, 00, 00, 00, 00, 00, 00, 00, 00, 00, 00, 00
00, 00, 00, 00, 00, 00, 00, 00, 00, 00, 00, 00, 00, 05, 00, 00
00, 00, 00, 00, 00, 00, 00, 00, 00, 01, 15, 55, 55, 55, 00, 00
00, 00, 00, 00, 00, 00, 00, 00, 55, 55, 55, 55, 55, 55, 00, 00
00, 00, 00, 00, 00, 00, 00, 00, 54, 00, 55, 55, 55, 55, 00, 00
00, 00, 00, 00, 00, 00, 00, 00, 00, 00, 00, 00, 54, 00, 55, 50
00, 00, 00, 00, 00, 00, 00, 00, 00, 00, 00, 05, 00, 15, 00, 00
00, 00, 00, 00, 00, 00, 00, 00, 55, 50, 55, 54, 55, 55, 00, 00
00, 00, 00, 00, 00, 00, 00, 00, 00, 00, 00, 00, 00, 00, 40, 00
00, 00, 00, 00, 00, 00, 00, 00, 00, 00, 00, 00, 00, 00, 01, 55
00, 00, 00, 00, 00, 00, 00, 00, 00, 00, 00, 00, 00, 00, 55, 55
00, 00, 00, 00, 00, 00, 00, 00, 00, 00, 00, 00, 00, 00, 55, 00
00, 00, 00, 01, 00, 15, 01, 55, 00, 00, 00, 00, 00, 00, 00, 00
55, 55, 00, 00, 00, 00, 00, 00, 00, 00, 00, 00, 00, 00, 00, 00
00, 00, 00, 00, 00, 00, 00, 00, 00, 00, 40, 00, 54, 00, 55, 40
00, 00, 00, 00, 00, 00, 00, 00, 00, 00, 00, 00, 00, 55, 05, 55
00, 00, 00, 00, 00, 00, 00, 00, 00, 00, 00, 00, 50, 00, 55, 00
00, 00, 00, 00, 00, 00, 00, 00, 00, 00, 00, 00, 05, 00, 55, 50
00, 00, 00, 00, 00, 00, 00, 05, 00, 15, 00, 55, 00, 00, 00, 00
00, 00, 00, 00, 55, 40, 55, 50, 55, 54, 55, 54, 00, 00, 00, 00
00, 00, 00, 00, 00, 00, 00, 00, 00, 05, 00, 55, 00, 00, 00, 00
00, 00, 00, 00, 05, 50, 55, 54, 55, 55, 00, 00, 00, 00, 00, 00
50, 00, 54, 05, 54, 15, 00, 00, 00, 00, 00, 00, 00, 00, 00, 00
55, 00, 55, 50, 55, 54, 00, 00, 00, 00, 00, 00, 00, 00, 00, 00
00, 00, 00, 00, 00, 00, 00, 00, 40, 00, 50, 01, 54, 15, 00, 00
00, 00, 00, 00, 00, 00, 00, 00, 55, 50, 55, 55, 55, 55, 00, 00
05, 55, 15, 55, 55, 55, 00, 00, 00, 00, 00, 00, 00, 00, 00, 00
50, 00, 55, 00, 55, 40, 00, 00, 00, 00, 00, 00, 00, 00, 00, 00
00, 00, 00, 00, 00, 00, 00, 00, 00, 00, 00, 00, 55, 00, 00, 00
00, 00, 00, 00, 00, 00, 00, 00, 00, 01, 00, 05, 00, 15, 00, 00
00, 55, 05, 55, 15, 55, 55, 55, 00, 00, 00, 00, 00, 00, 00, 00
54, 00, 55, 40, 55, 54, 55, 55, 00, 00, 00, 00, 00, 00, 00, 00
00, 00, 00, 00, 00, 00, 00, 00, 00, 00, 00, 00, 00, 00, 00, 00
03, C0, 03, C0, 03, C0, 03, C0, 03, C0, 00, 00, 03, C0, 00, 00
3C, F0, 3C, F0, 3C, F0, 00, 00, 00, 00, 00, 00, 00, 00, 00, 00
0F, 3C, 0F, 3C, 3F, FF, 0F, 3C, 3F, FF, 0F, 3C, 0F, 3C, 00, 00
00, F0, 0F, FF, 3C, C0, 0F, FC, 00, CF, 3F, FC, 03, C0, 00, 00
3C, 00, 3C, 3C, 00, F0, 03, C0, 0F, 00, 3C, 3C, 00, 3C, 00, 00
0F, C0, 3C, F0, 3C, F0, 0F, C0, 3C, F3, 3C, 3C, 0F, CF, 00, 00
00, F0, 03, C0, 0F, 00, 00, 00, 00, 00, 00, 00, 00, 00, 00, 00
00, F0, 03, C0, 0F, 00, 0F, 00, 0F, 00, 03, C0, 00, F0, 00, 00
0F, 00, 03, C0, 00, F0, 00, F0, 00, F0, 03, C0, 0F, 00, 00, 00
00, 00, 03, C0, 3F, FC, 0F, F0, 3F, FC, 03, C0, 00, 00, 00, 00
00, 00, 03, C0, 03, C0, 3F, FC, 03, C0, 03, C0, 00, 00, 00, 00
00, 00, 00, 00, 00, 00, 00, 00, 00, 00, 03, C0, 03, C0, 0F, 00
00, 00, 00, 00, 00, 00, 3F, FC, 00, 00, 00, 00, 00, 00, 00, 00
00, 00, 00, 00, 00, 00, 00, 00, 00, 00, 03, C0, 03, C0, 00, 00
00, 00, 00, 3C, 00, F0, 03, C0, 0F, 00, 3C, 00, 00, 00, 00, 00
0F, F0, 3C, 3C, 3C, FC, 3F, FC, 3F, 3C, 3C, 3C, 0F, F0, 00, 00
03, C0, 0F, C0, 03, C0, 03, C0, 03, C0, 03, C0, 3F, FC, 00, 00
0F, F0, 3C, 3C, 00, 3C, 00, F0, 03, C0, 0F, 00, 3F, FC, 00, 00
0F, F0, 3C, 3C, 00, 3C, 03, F0, 00, 3C, 3C, 3C, 0F, F0, 00, 00
00, F0, 03, F0, 0F, F0, 3C, F0, 3F, FC, 00, F0, 00, F0, 00, 00
3F, FC, 3C, 00, 3F, F0, 00, 3C, 00, 3C, 3C, 3C, 0F, F0, 00, 00
03, F0, 0F, 00, 3C, 00, 3F, F0, 3C, 3C, 3C, 3C, 0F, F0, 00, 00
3F, FC, 00, 3C, 00, F0, 03, C0, 0F, 00, 0F, 00, 0F, 00, 00, 00
0F, F0, 3C, 3C, 3C, 3C, 0F, F0, 3C, 3C, 3C, 3C, 0F, F0, 00, 00
0F, F0, 3C, 3C, 3C, 3C, 0F, FC, 00, 3C, 00, F0, 0F, C0, 00, 00
00, 00, 00, 00, 03, C0, 03, C0, 00, 00, 03, C0, 03, C0, 00, 00
00, 00, 00, 00, 03, C0, 03, C0, 00, 00, 03, C0, 03, C0, 0F, 00
00, F0, 03, C0, 0F, 00, 3C, 00, 0F, 00, 03, C0, 00, F0, 00, 00
00, 00, 00, 00, 3F, FC, 00, 00, 3F, FC, 00, 00, 00, 00, 00, 00
0F, 00, 03, C0, 00, F0, 00, 3C, 00, F0, 03, C0, 0F, 00, 00, 00
0F, F0, 3C, 3C, 00, F0, 03, C0, 03, C0, 00, 00, 03, C0, 00, 00
0F, F0, 3C, 3C, 3C, FC, 3C, CC, 3C, FC, 3C, 00, 0F, F0, 00, 00
0F, F0, 3C, 3C, 3C, 3C, 3F, FC, 3C, 3C, 3C, 3C, 3C, 3C, 00, 00
3F, F0, 3C, 3C, 3C, 3C, 3F, F0, 3C, 3C, 3C, 3C, 3F, F0, 00, 00
0F, F0, 3C, 3C, 3C, 00, 3C, 00, 3C, 00, 3C, 3C, 0F, F0, 00, 00
3F, C0, 3C, F0, 3C, 3C, 3C, 3C, 3C, 3C, 3C, F0, 3F, C0, 00, 00
3F, FC, 3C, 00, 3C, 00, 3F, F0, 3C, 00, 3C, 00, 3F, FC, 00, 00
3F, FC, 3C, 00, 3C, 00, 3F, F0, 3C, 00, 3C, 00, 3C, 00, 00, 00
0F, F0, 3C, 3C, 3C, 00, 3C, FC, 3C, 3C, 3C, 3C, 0F, F0, 00, 00
3C, 3C, 3C, 3C, 3C, 3C, 3F, FC, 3C, 3C, 3C, 3C, 3C, 3C, 00, 00
3F, FC, 03, C0, 03, C0, 03, C0, 03, C0, 03, C0, 3F, FC, 00, 00
0F, FC, 00, F0, 00, F0, 00, F0, 00, F0, 3C, F0, 0F, C0, 00, 00
3C, 3C, 3C, F0, 3F, C0, 3F, 00, 3F, C0, 3C, F0, 3C, 3C, 00, 00
3C, 00, 3C, 00, 3C, 00, 3C, 00, 3C, 00, 3C, 00, 3F, FC, 00, 00
3C, 0F, 3F, 3F, 3F, FF, 3C, CF, 3C, CF, 3C, 0F, 3C, 0F, 00, 00
3C, 3C, 3C, 3C, 3F, 3C, 3F, FC, 3C, FC, 3C, 3C, 3C, 3C, 00, 00
0F, F0, 3C, 3C, 3C, 3C, 3C, 3C, 3C, 3C, 3C, 3C, 0F, F0, 00, 00
3F, F0, 3C, 3C, 3C, 3C, 3F, F0, 3C, 00, 3C, 00, 3C, 00, 00, 00
0F, F0, 3C, 3C, 3C, 3C, 3C, 3C, 3C, CC, 3C, F0, 0F, 3C, 00, 00
3F, F0, 3C, 3C, 3C, 3C, 3F, F0, 3C, F0, 3C, 3C, 3C, 3C, 00, 00
0F, F0, 3C, 3C, 3C, 00, 0F, F0, 00, 3C, 3C, 3C, 0F, F0, 00, 00
3F, FC, 03, C0, 03, C0, 03, C0, 03, C0, 03, C0, 03, C0, 00, 00
3C, 3C, 3C, 3C, 3C, 3C, 3C, 3C, 3C, 3C, 3C, 3C, 0F, F0, 00, 00
3C, 3C, 3C, 3C, 3C, 3C, 3C, 3C, 3C, 3C, 0F, F0, 03, C0, 00, 00
3C, 0F, 3C, 0F, 3C, CF, 3C, CF, 3F, FF, 3F, 3F, 3C, 0F, 00, 00
3C, 3C, 3C, 3C, 0F, F0, 03, C0, 0F, F0, 3C, 3C, 3C, 3C, 00, 00
3C, 3C, 3C, 3C, 3C, 3C, 0F, F0, 03, C0, 03, C0, 03, C0, 00, 00
3F, FC, 00, 3C, 00, F0, 03, C0, 0F, 00, 3C, 00, 3F, FC, 00, 00
3F, F0, 3C, 00, 3C, 00, 3C, 00, 3C, 00, 3C, 00, 3F, F0, 00, 00
00, 00, 3C, 00, 0F, 00, 03, C0, 00, F0, 00, 3C, 00, 00, 00, 00
0F, FC, 00, 3C, 00, 3C, 00, 3C, 00, 3C, 00, 3C, 0F, FC, 00, 00
03, C0, 0F, F0, 3C, 3C, 30, 0C, 00, 00, 00, 00, 00, 00, 00, 00
00, 00, 00, 00, 00, 00, 00, 00, 00, 00, 00, 00, 00, 00, FF, FF
03, F0, 0F, 3C, 0F, 00, 3F, F0, 0F, 00, 0F, 00, 3F, FC, 00, 00
00, 00, 00, 00, 0F, F0, 00, 3C, 0F, FC, 3C, 3C, 0F, FC, 00, 00
3C, 00, 3C, 00, 3F, F0, 3C, 3C, 3C, 3C, 3C, 3C, 3F, F0, 00, 00
00, 00, 00, 00, 0F, F0, 3C, 3C, 3C, 00, 3C, 3C, 0F, F0, 00, 00
00, 3C, 00, 3C, 0F, FC, 3C, 3C, 3C, 3C, 3C, 3C, 0F, FC, 00, 00
00, 00, 00, 00, 0F, F0, 3C, 3C, 3F, FC, 3C, 00, 0F, F0, 00, 00
03, F0, 0F, 00, 0F, 00, 3F, F0, 0F, 00, 0F, 00, 0F, 00, 00, 00
00, 00, 00, 00, 0F, FC, 3C, 3C, 3C, 3C, 0F, FC, 00, 3C, 0F, F0
3C, 00, 3C, 00, 3F, F0, 3C, 3C, 3C, 3C, 3C, 3C, 3C, 3C, 00, 00
03, C0, 00, 00, 0F, C0, 03, C0, 03, C0, 03, C0, 0F, F0, 00, 00
03, C0, 00, 00, 0F, C0, 03, C0, 03, C0, 03, C0, 03, C0, 3F, 00
3C, 00, 3C, 00, 3C, 3C, 3C, F0, 3F, C0, 3C, F0, 3C, 3C, 00, 00
0F, C0, 03, C0, 03, C0, 03, C0, 03, C0, 03, C0, 0F, F0, 00, 00
00, 00, 00, 00, 0F, 3C, 3F, FF, 3C, CF, 3C, CF, 3C, 0F, 00, 00
00, 00, 00, 00, 3F, F0, 3C, 3C, 3C, 3C, 3C, 3C, 3C, 3C, 00, 00
00, 00, 00, 00, 0F, F0, 3C, 3C, 3C, 3C, 3C, 3C, 0F, F0, 00, 00
00, 00, 00, 00, 3F, F0, 3C, 3C, 3C, 3C, 3F, F0, 3C, 00, 3C, 00
00, 00, 00, 00, 0F, FC, 3C, 3C, 3C, 3C, 0F, FC, 00, 3C, 00, 3F
00, 00, 00, 00, 3C, F0, 3F, 3C, 3C, 00, 3C, 00, 3C, 00, 00, 00
00, 00, 00, 00, 0F, FC, 3C, 00, 0F, F0, 00, 3C, 3F, F0, 00, 00
0F, 00, 0F, 00, 3F, F0, 0F, 00, 0F, 00, 0F, 00, 03, F0, 00, 00
00, 00, 00, 00, 3C, 3C, 3C, 3C, 3C, 3C, 3C, 3C, 0F, FC, 00, 00
00, 00, 00, 00, 3C, 3C, 3C, 3C, 3C, 3C, 0F, F0, 03, C0, 00, 00
00, 00, 00, 00, 3C, 0F, 3C, CF, 3C, CF, 3F, FF, 0F, 3C, 00, 00
00, 00, 00, 00, 3C, 3C, 0F, F0, 03, C0, 0F, F0, 3C, 3C, 00, 00
00, 00, 00, 00, 3C, 3C, 3C, 3C, 3C, 3C, 0F, FC, 00, 3C, 0F, F0
00, 00, 00, 00, 3F, FC, 00, F0, 03, C0, 0F, 00, 3F, FC, 00, 00
00, F0, 03, C0, 03, C0, 3F, 00, 03, C0, 03, C0, 00, F0, 00, 00
03, C0, 03, C0, 03, C0, 00, 00, 03, C0, 03, C0, 03, C0, 00, 00
0F, 00, 03, C0, 03, C0, 00, FC, 03, C0, 03, C0, 0F, 00, 00, 00
0F, 03, 3C, CF, 30, 3C, 00, 00, 00, 00, 00, 00, 00, 00, 00, 00
FF, FF, FF, FF, FF, FF, FF, FF, FF, FF, FF, FF, FF, FF, FF, FF
00, 00, 00, 05, 00, 55, 01, 55, 00, 00, 00, 00, 00, 00, 00, 00
55, 55, 55, 55, 00, 00, 00, 00, 00, 00, 00, 00, 00, 00, 00, 00
00, 00, 50, 00, 00, 00, 00, 00, 00, 00, 00, 00, 00, 00, 00, 00
00, 00, 00, 00, 00, 00, 00, 00, 00, 00, 40, 00, 54, 00, 55, 00
55, 50, 00, 00, 00, 00, 00, 00, 00, 00, 00, 00, 00, 00, 00, 00
00, 00, 00, 00, 40, 00, 00, 00, 00, 00, 00, 00, 00, 00, 00, 00
00, 01, 00, 05, 00, 15, 00, 00, 00, 00, 00, 00, 00, 00, 00, 00
55, 54, 55, 55, 00, 00, 00, 00, 00, 00, 00, 00, 00, 00, 00, 00
00, 00, 40, 00, 50, 00, 54, 00, 00, 00, 00, 00, 00, 00, 00, 00
00, 00, 00, 01, 00, 01, 00, 05, 00, 05, 00, 05, 00, 05, 00, 15
00, 00, 00, 00, 00, 00, 00, 00, 40, 00, 40, 00, 40, 00, 50, 00
00, 15, 00, 15, 00, 15, 00, 15, 00, 15, 00, 55, 00, 55, 00, 55
50, 00, 50, 00, 50, 00, 54, 00, 54, 00, 54, 00, 54, 00, 54, 00
00, 55, 00, 55, 00, 55, 00, 55, 00, 55, 00, 55, 00, 55, 00, 15
54, 00, 54, 00, 54, 00, 54, 00, 50, 00, 50, 00, 50, 00, 50, 00
00, 15, 00, 15, 00, 15, 00, 15, 00, 05, 00, 05, 00, 05, 00, 01
40, 00, 40, 00, 40, 00, 00, 00, 00, 00, 00, 00, 00, 00, 00, 00
00, 01, 00, 00, 00, 00, 00, 00, 00, 00, 00, 00, 00, 00, 00, 00
00, 00, 00, 00, 00, 00, 00, 00, 00, 00, 00, 00, 00, 00, 55, 40
54, 00, 00, 00, 00, 00, 00, 00, 00, 00, 00, 00, 00, 00, 00, 00
00, 00, 40, 00, 00, 00, 00, 00, 00, 00, 00, 00, 00, 00, 00, 00
00, 00, 00, 00, 00, 00, 00, 00, 00, 05, 00, 00, 00, 00, 00, 00
55, 55, 55, 55, 55, 55, 55, 55, 55, 55, 55, 55, 55, 55, 41, 55
55, 55, 55, 55, 55, 50, 55, 4A, 55, 4A, 55, 4A, 55, 4A, 55, 2A
55, 55, 55, 55, 05, 55, A1, 55, A1, 55, A1, 55, A1, 55, A8, 55
55, 55, 55, 55, 55, 55, 55, 55, 55, 55, 55, 55, 55, 55, 55, 41
55, 55, 55, 54, 55, 52, 55, 52, 55, 54, 55, 55, 55, 55, 55, 55
28, 55, AA, 15, AA, 80, AA, AA, AA, AA, 2A, AA, 4A, AA, 4A, AA
55, 2A, 40, AA, 2A, AA, AA, AA, AA, AA, AA, AA, AA, AA, AA, AA
A8, 55, AA, 01, AA, A8, AA, AA, AA, AA, AA, AA, AA, AA, AA, AA
55, 28, 54, AA, 02, AA, AA, AA, AA, AA, AA, A8, AA, A1, AA, A1
55, 55, 15, 55, 85, 55, 85, 55, 15, 55, 55, 55, 55, 55, 55, 55
55, 55, 55, 55, 55, 55, 55, 55, 55, 54, 55, 54, 50, 02, 4A, AA
4A, AA, 4A, AA, 2A, AA, 2A, AA, AA, AA, AA, AA, AA, AA, AA, AA
AA, AA, AA, A8, AA, 01, A8, 55, A1, 55, 85, 55, 85, 55, 85, 55
AA, AA, 2A, AA, 40, AA, 55, 2A, 55, 4A, 55, 52, 55, 52, 55, 52
AA, A1, AA, A1, AA, A8, AA, A8, AA, AA, AA, AA, AA, AA, AA, AA
55, 55, 55, 55, 55, 55, 55, 55, 15, 55, 15, 55, 80, 05, AA, A1
55, 55, 55, 55, 55, 55, 55, 5E, 55, 7A, 54, AA, 52, A8, 7A, A1
00, 00, 00, 00, 00, 00, 55, 00, 55, 00, 55, 00, 55, 00, 55, 00
55, 55, 55, 55, 55, 55, 53, EA, 7A, AA, 2A, AA, EA, 85, EA, 15
55, 55, 55, 55, 55, 55, AB, C5, AA, AD, AA, A8, 52, AB, 54, AB
4A, AA, 4A, AA, 4A, AA, 50, AA, 55, 02, 55, 54, 55, 55, 55, 55
55, 55, 55, 55, 55, 55, 55, 55, 55, 55, 55, 55, 15, 55, 15, 55
15, 55, 15, 55, 15, 55, 85, 55, 85, 55, A1, 55, A1, 55, A8, 55
55, 54, 55, 54, 55, 54, 55, 52, 55, 52, 55, 4A, 55, 4A, 55, 2A
55, 55, 55, 55, 55, 55, 55, 55, 55, 55, 55, 55, 55, 54, 55, 54
AA, A1, AA, A1, AA, A1, AA, 05, 80, 55, 15, 55, 55, 55, 55, 55
7A, 85, 5A, 55, 55, 55, 55, 55, 55, 55, 55, 55, 55, 55, 55, 55
55, 00, 55, 00, 55, 00, 55, 00, 55, 00, 55, 00, 55, 00, 55, 00
54, AA, 55, AA, 55, AA, 55, AA, 55, AA, 55, AA, 55, AA, 55, AA
55, 55, 55, 55, 55, 55, 55, 55, 55, 55, 55, 55, 55, 54, 55, 52
2A, AA, 4A, AA, 4A, AA, 4A, AA, 4A, AA, 2A, AA, AA, AA, AA, A0
AA, 15, AA, 15, A8, 55, A8, 55, A8, 55, A1, 55, A1, 55, A1, 55
54, AA, 54, AA, 55, 2A, 55, 2A, 55, 2A, 55, 4A, 55, 4A, 55, 4A
AA, A8, AA, A1, AA, A1, AA, A1, AA, A1, AA, A8, AA, AA, 0A, AA
55, 55, 55, 55, 55, 55, 55, 55, 55, 55, 55, 55, 15, 55, 85, 55
55, 00, 55, 00, 55, 00, 55, 00, 55, 00, 55, 00, 00, 00, 00, 00
00, 00, 00, 00, 00, 00, 05, 40, 05, 40, 05, 40, 00, 00, 00, 00
AA, 55, EA, 15, EA, C5, 2A, AA, 7A, AA, 53, EA, 55, 55, 55, 55
54, AA, 54, AB, 52, AB, AA, A8, AA, AD, AB, C5, 55, 55, 55, 55
55, 54, 55, 55, 55, 55, 55, 55, 55, 55, 55, 55, 55, 55, 55, 55
AA, 85, 28, 15, 41, 55, 55, 55, 55, 55, 55, 55, 55, 55, 55, 55
05, 55, 55, 55, 55, 55, 55, 55, 55, 55, 55, 55, 55, 55, 55, 55
55, 50, 55, 55, 55, 55, 55, 55, 55, 55, 55, 55, 55, 55, 55, 55
52, AA, 54, 28, 55, 41, 55, 55, 55, 55, 55, 55, 55, 55, 55, 55
15, 55, 55, 55, 55, 55, 55, 55, 55, 55, 55, 55, 55, 55, 55, 55
00, 00, 00, 00, 00, 00, 00, 00, 00, 00, 00, 00, 00, 00, 00, 00
00, 00, 00, 00, 00, 00, 00, 00, 00, 00, 00, 00, 00, 00, 00, 00
00, 00, 00, 00, 00, 00, 00, 00, 00, 00, 00, 00, 00, 00, 00, 00
00, 00, 00, 00, 00, 00, 00, 00, 00, 00, 00, 00, 00, 00, 00, 00
00, 00, 00, 00, 00, 00, 00, 00, 00, 00, 00, 00, 00, 00, 00, 00
00, 00, 00, 00, 00, 00, 00, 00, 00, 00, 00, 00, 00, 00, 00, 00
00, 00, 00, 00, 00, 00, 00, 00, 00, 00, 00, 00, 00, 00, 00, 00
00, 00, 00, 00, 00, 00, 00, 00, 00, 00, 00, 00, 00, 00, 00, 00
00, 00, 00, 00, 00, 00, 00, 00, 00, 00, 00, 00, 00, 00, 00, 00
00, 00, 00, 00, 00, 00, 00, 00, 00, 00, 00, 00, 00, 00, 00, 00
00, 00, 00, 00, 00, 00, 00, 00, 00, 00, 00, 00, 00, 00, 00, 00
00, 00, 00, 00, 00, 00, 00, 00, 00, 00, 00, 00, 00, 00, 00, 00
00, 00, 00, 00, 00, 00, 00, 00, 00, 00, 00, 00, 00, 00, 00, 00
00, 00, 00, 00, 00, 00, 00, 00, 00, 00, 00, 00, 00, 00, 00, 00
00, 00, 00, 00, 00, 00, 00, 00, 00, 00, 00, 00, 00, 00, 00, 00
00, 00, 00, 00, 00, 00, 00, 00, 00, 00, 00, 00, 00, 00, 00, 00
00, 00, 00, 00, 00, 00, 00, 00, 00, 00, 00, 00, 00, 00, 00, 00
00, 00, 00, 00, 00, 00, 00, 00, 00, 00, 00, 00, 00, 00, 00, 00
00, 00, 00, 00, 00, 00, 00, 00, 00, 00, 00, 00, 00, 00, 00, 00
00, 00, 00, 00, 00, 00, 00, 00, 00, 00, 00, 00, 00, 00, 00, 00
00, 00, 00, 00, 00, 00, 00, 00, 00, 00, 00, 00, 00, 00, 00, 00
00, 00, 00, 00, 00, 00, 00, 00, 00, 00, 00, 00, 00, 00, 00, 00
00, 00, 00, 00, 00, 00, 00, 00, 00, 00, 00, 00, 00, 00, 00, 00
00, 00, 00, 00, 00, 00, 00, 00, 00, 00, 00, 00, 00, 00, 00, 00
00, 00, 00, 00, 00, 00, 00, 00, 00, 00, 00, 00, 00, 00, 00, 00
00, 00, 00, 00, 00, 00, 00, 00, 00, 00, 00, 00, 00, 00, 00, 00
00, 00, 00, 00, 00, 00, 00, 00, 00, 00, 00, 00, 00, 00, 00, 00
00, 00, 00, 00, 00, 00, 00, 00, 00, 00, 00, 00, 00, 00, 00, 00
00, 00, 00, 00, 00, 00, 00, 00, 00, 00, 00, 00, 00, 00, 00, 00
00, 00, 00, 00, 00, 00, 00, 00, 00, 00, 00, 00, 00, 00, 00, 00
00, 00, 00, 00, 00, 00, 00, 00, 00, 00, 00, 00, 00, 00, 00, 00
00, 00, 00, 00, 00, 00, 00, 00, 00, 00, 00, 00, 00, 00, 00, 00
00, 00, 00, 00, 00, 00, 00, 00, 00, 00, 00, 00, 00, 00, 00, 00
00, 00, 00, 00, 00, 00, 00, 00, 00, 00, 00, 00, 00, 00, 00, 00
00, 00, 00, 00, 00, 00, 00, 00, 00, 00, 00, 00, 00, 00, 00, 00
00, 00, 00, 00, 00, 00, 00, 00, 00, 00, 00, 00, 00, 00, 00, 00
00, 00, 00, 00, 00, 00, 00, 00, 00, 00, 00, 00, 00, 00, 00, 00
00, 00, 00, 00, 00, 00, 00, 00, 00, 00, 00, 00, 00, 00, 00, 00
00, 00, 00, 00, 00, 00, 00, 00, 00, 00, 00, 00, 00, 00, 00, 00
00, 00, 00, 00, 00, 00, 00, 00, 00, 00, 00, 00, 00, 00, 00, 00
00, 00, 00, 00, 00, 00, 00, 00, 00, 00, 00, 00, 00, 00, 00, 00
00, 00, 00, 00, 00, 00, 00, 00, 00, 00, 00, 00, 00, 00, 00, 00
00, 00, 00, 00, 00, 00, 00, 00, 00, 00, 00, 00, 00, 00, 00, 00
00, 00, 00, 00, 00, 00, 00, 00, 00, 00, 00, 00, 00, 00, 00, 00
00, 00, 00, 00, 00, 00, 00, 00, 00, 00, 00, 00, 00, 00, 00, 00
00, 00, 00, 00, 00, 00, 00, 00, 00, 00, 00, 00, 00, 00, 00, 00
00, 00, 00, 00, 00, 00, 00, 00, 00, 00, 00, 00, 00, 00, 00, 00
00, 00, 00, 00, 00, 00, 00, 00, 00, 00, 00, 00, 00, 00, 00, 00
00, 00, 00, 00, 00, 00, 00, 00, 00, 00, 00, 00, 00, 00, 00, 00
00, 00, 00, 00, 00, 00, 00, 00, 00, 00, 00, 00, 00, 00, 00, 00
00, 00, 00, 00, 00, 00, 00, 00, 00, 00, 00, 00, 00, 00, 00, 00
00, 00, 00, 00, 00, 00, 00, 00, 00, 00, 00, 00, 00, 00, 00, 00
00, 00, 00, 00, 00, 00, 00, 00, 00, 00, 00, 00, 00, 00, 00, 00
00, 00, 00, 00, 00, 00, 00, 00, 00, 00, 00, 00, 00, 00, 00, 00
00, 00, 00, 00, 00, 00, 00, 00, 00, 00, 00, 00, 00, 00, 00, 00
00, 00, 00, 00, 00, 00, 00, 00, 00, 00, 00, 00, 00, 00, 00, 00
00, 00, 00, 00, 00, 00, 00, 00, 00, 00, 00, 00, 00, 00, 00, 00
00, 00, 00, 00, 00, 00, 00, 00, 00, 00, 00, 00, 00, 00, 00, 00
00, 00, 00, 00, 00, 00, 00, 00, 00, 00, 00, 00, 00, 00, 00, 00
00, 00, 00, 00, 00, 00, 00, 00, 00, 00, 00, 00, 00, 00, 00, 00
00, 00, 00, 00, 00, 00, 00, 00, 00, 00, 00, 00, 00, 00, 00, 00
00, 80, 00, 00, 00, 00, 00, 00, 00, 80, 00, 00, 00, 00, 00, 00
00, 80, 00, 00, 00, 00, 00, 00, 00, 80, 00, 00, 00, 00, 00, 00
00, 80, 00, 00, 00, 00, 00, 00, 00, 80, 00, 00, 00, 00, 00, 00
00, 80, 00, 00, 00, 00, 00, 00, 00, 80, 00, 00, 00, 00, 00, 00
00, 80, 00, 00, 00, 00, 00, 00, 00, 80, 00, 00, 00, 00, 00, 00
00, 80, 00, 00, 00, 00, 00, 00, 00, 80, 00, 00, 00, 00, 00, 00
00, 80, 00, 00, 00, 00, 00, 00, 00, 80, 00, 00, 00, 00, 00, 00
00, 80, 00, 00, 00, 00, 00, 00, 00, 80, 00, 00, 00, 00, 00, 00
00, 80, 00, 00, 00, 00, 00, 00, 00, 80, 00, 00, 00, 00, 00, 00
00, 80, 00, 00, 00, 00, 00, 00, 00, 80, 00, 00, 00, 00, 00, 00
00, 80, 00, 00, 00, 00, 00, 00, 00, 80, 00, 00, 00, 00, 00, 00
00, 80, 00, 00, 00, 00, 00, 00, 00, 80, 00, 00, 00, 00, 00, 00
00, 80, 00, 00, 00, 00, 00, 00, 00, 80, 00, 00, 00, 00, 00, 00
00, 80, 00, 00, 00, 00, 00, 00, 00, 80, 00, 00, 00, 00, 00, 00
00, 80, 00, 00, 00, 00, 00, 00, 00, 80, 00, 00, 00, 00, 00, 00
00, 80, 00, 00, 00, 00, 00, 00, 00, 80, 00, 00, 00, 00, 00, 00
00, 80, 00, 00, 00, 00, FF, 7F, 00, 80, 00, 00, 00, 00, FF, 7F
00, 80, 00, 00, 00, 00, FF, 7F, 00, 80, 00, 00, 00, 00, FF, 7F
00, 80, 00, 00, 00, 00, FF, 7F, 00, 80, 00, 00, 00, 00, FF, 7F
00, 80, 00, 00, 00, 00, FF, 7F, 00, 80, 00, 00, 00, 00, FF, 7F
00, 80, 00, 00, 00, 00, FF, 7F, 00, 80, 00, 00, 00, 00, FF, 7F
00, 80, 00, 00, 00, 00, FF, 7F, 00, 80, 00, 00, 00, 00, FF, 7F
00, 80, 00, 00, 00, 00, FF, 7F, 00, 80, 00, 00, 00, 00, FF, 7F
00, 80, 00, 00, 00, 00, FF, 7F, 00, 80, 00, 00, 00, 00, FF, 7F
00, 80, 00, 00, 00, 00, FF, 7F, 00, 80, 00, 00, 00, 00, FF, 7F
00, 80, 00, 00, 00, 00, FF, 7F, 00, 80, 00, 00, 00, 00, FF, 7F
00, 80, 00, 00, 00, 00, FF, 7F, 00, 80, 00, 00, 00, 00, FF, 7F
00, 80, 00, 00, 00, 00, FF, 7F, 00, 80, 00, 00, 00, 00, FF, 7F
00, 80, 00, 00, 00, 00, FF, 7F, 00, 80, 00, 00, 00, 00, FF, 7F
00, 80, 00, 00, 00, 00, FF, 7F, 00, 80, 00, 00, 00, 00, FF, 7F
00, 80, 00, 00, 00, 00, FF, 7F, 00, 80, 00, 00, 00, 00, FF, 7F
00, 80, 00, 00, 00, 00, FF, 7F, 00, 80, 00, 00, 00, 00, FF, 7F
00, 80, 00, 00, 00, 00, FF, 7F, 00, 80, 00, 00, 00, 00, FF, 7F
00, 80, 00, 00, 00, 00, FF, 7F, 00, 80, 00, 00, 00, 00, FF, 7F
00, 80, 00, 00, 00, 00, FF, 7F, 00, 80, 00, 00, 00, 00, FF, 7F
00, 80, 00, 00, 00, 00, FF, 7F, 00, 80, 00, 00, 00, 00, FF, 7F
00, 80, 00, 00, 00, 00, FF, 7F, 00, 80, 00, 00, 00, 00, FF, 7F
00, 80, 00, 00, 00, 00, FF, 7F, 00, 80, 00, 00, 00, 00, FF, 7F
00, 80, 00, 00, 00, 00, FF, 7F, 00, 80, 00, 00, 00, 00, FF, 7F
00, 80, 00, 00, 00, 00, FF, 7F, 00, 80, 00, 00, 00, 00, FF, 7F
00, 80, 00, 00, 00, 00, FF, 7F, 00, 80, 00, 00, 00, 00, FF, 7F
00, 80, 00, 00, 00, 00, FF, 7F, 00, 80, 00, 00, 00, 00, FF, 7F
00, 80, 00, 00, 00, 00, FF, 7F, 00, 80, 00, 00, 00, 00, FF, 7F
00, 80, 00, 00, 00, 00, FF, 7F, 00, 80, 00, 00, 00, 00, FF, 7F
00, 80, 00, 00, 00, 00, FF, 7F, 00, 80, 00, 00, 00, 00, FF, 7F
00, 80, 00, 00, 00, 00, FF, 7F, 00, 80, 00, 00, 00, 00, FF, 7F
00, 80, 00, 00, 00, 00, FF, 7F, 00, 80, 00, 00, 00, 00, FF, 7F
00, 80, 00, 00, 00, 00, FF, 7F, 00, 80, 00, 00, 00, 00, FF, 7F
00, 80, 00, 00, 00, 00, FF, 7F, 00, 80, 00, 00, 00, 00, FF, 7F
00, 80, 00, 00, 00, 00, FF, 7F, 00, 80, 00, 00, 00, 00, FF, 7F
00, 80, 00, 00, 00, 00, FF, 7F, 00, 80, 00, 00, 00, 00, FF, 7F
00, 80, 00, 00, 00, 00, FF, 7F, 00, 80, 00, 00, 00, 00, FF, 7F
00, 80, 00, 00, 00, 00, FF, 7F, 00, 80, 00, 00, 00, 00, FF, 7F
00, 80, 00, 00, 00, 00, FF, 7F, 00, 80, 00, 00, 00, 00, FF, 7F
00, 80, 00, 00, 00, 00, FF, 7F, 00, 80, 00, 00, 00, 00, FF, 7F
00, 80, 00, 00, 00, 00, FF, 7F, 00, 80, 00, 00, 00, 00, FF, 7F
00, 80, 00, 00, 00, 00, FF, 7F, 00, 80, 00, 00, 00, 00, FF, 7F
00, 80, 00, 00, 00, 00, FF, 7F, 00, 80, 00, 00, 00, 00, FF, 7F
00, 80, 00, 00, 00, 00, FF, 7F, 00, 80, 00, 00, 00, 00, FF, 7F
00, 80, 00, 00, 00, 00, FF, 7F, 00, 80, 00, 00, 00, 00, FF, 7F
00, 80, 00, 00, 00, 00, FF, 7F, 00, 80, 00, 00, 00, 00, FF, 7F
00, 80, 00, 00, 00, 00, FF, 7F, 00, 80, 00, 00, 00, 00, FF, 7F
00, 80, 00, 00, 00, 00, FF, 7F, 00, 80, 00, 00, 00, 00, FF, 7F
00, 80, 00, 00, 00, 00, FF, 7F, 00, 80, 00, 00, 00, 00, FF, 7F
00, 80, 00, 00, 00, 00, 00, 00, 00, 80, 00, 00, 00, 00, 00, 00
00, 80, 00, 00, 00, 00, 00, 00, 00, 80, 00, 00, 00, 00, 00, 00
00, 80, 00, 00, 00, 00, 00, 00, 00, 80, 00, 00, 00, 00, 00, 00
00, 80, 00, 00, 00, 00, 00, 00, 00, 80, 00, 00, 00, 00, 00, 00
00, 80, 00, 00, 00, 00, 00, 00, 00, 80, 00, 00, 00, 00, 00, 00
00, 80, 00, 00, 00, 00, 00, 00, 00, 80, 00, 00, 00, 00, 00, 00
00, 80, 00, 00, 00, 00, 00, 00, 00, 80, 00, 00, 00, 00, 00, 00
00, 80, 00, 00, 00, 00, 00, 00, 00, 80, 00, 00, 00, 00, 00, 00
00, 80, 00, 00, 00, 00, 00, 00, 00, 80, 00, 00, 00, 00, 00, 00
00, 80, 00, 00, 00, 00, 00, 00, 00, 80, 00, 00, 00, 00, 00, 00
00, 80, 00, 00, 00, 00, 00, 00, 00, 80, 00, 00, 00, 00, 00, 00
AA, 10, 00, 80, 00, 00, 00, 00, AA, 10, 00, 80, 75, 21, 00, 00
AA, 10, 00, 80, 75, 21, 00, 00, AA, 10, 00, 80, 00, 00, 00, 00
AA, 10, 00, 80, 75, 21, 00, 00, AA, 10, 00, 80, 75, 21, 00, 00
AA, 10, 00, 80, 75, 21, 00, 00, AA, 10, 00, 80, 75, 21, 00, 00
AA, 10, 00, 80, 75, 21, 00, 00, AA, 10, 00, 80, 75, 21, 00, 00
AA, 10, 00, 80, 75, 21, 00, 00, AA, 10, 00, 80, 75, 21, 00, 00
AA, 10, 00, 80, 75, 21, 00, 00, AA, 10, 00, 80, 75, 21, 00, 00
AA, 10, 00, 80, 75, 21, 00, 00, AA, 10, 00, 80, 75, 21, 00, 00
42, 18, 00, 80, A5, 2C, 84, 20, 00, 80, A5, 2C, 00, 00, 00, 00
42, 18, 00, 80, A5, 2C, 84, 20, 42, 18, 00, 80, A5, 2C, 84, 20
AA, 10, 00, 80, 75, 21, 00, 00, AA, 10, 75, 21, 00, 00, 00, 00
AA, 10, 00, 80, 75, 21, 00, 00, AA, 10, 00, 80, 75, 21, 00, 00
AA, 10, 75, 21, 00, 00, 00, 00, AA, 10, 00, 80, 75, 21, 00, 00
42, 18, 00, 80, A5, 2C, 84, 20, 00, 80, A5, 2C, 00, 00, 00, 00
42, 18, 00, 80, A5, 2C, 00, 00, AA, 10, 00, 80, 75, 21, 00, 00
AA, 10, 00, 80, 75, 21, 00, 00, AA, 10, 00, 80, 75, 21, 00, 00
AA, 10, 00, 80, 75, 21, 00, 00, AA, 10, 00, 80, 75, 21, 00, 00
AA, 10, 00, 80, 75, 21, 00, 00, 00, 80, A5, 2C, 00, 00, 00, 00
00, 80, A5, 2C, 00, 00, 00, 00, 42, 18, 00, 80, A5, 2C, 84, 20
42, 18, 00, 80, A5, 2C, 84, 20, AA, 10, 00, 80, 00, 00, 00, 00
AA, 10, 00, 80, 75, 21, 00, 00, AA, 10, 00, 80, 00, 00, 00, 00
AA, 10, 00, 80, 00, 00, 00, 00, AA, 10, 00, 80, 75, 21, 00, 00
AA, 10, 00, 80, 00, 00, 00, 00, 00, 00, 00, 00, 00, 00, 00, 00
00, 00, 00, 00, 00, 00, 00, 00, 00, 00, 00, 00, 00, 00, 00, 00
00, 00, 00, 00, 00, 00, 00, 00, 00, 00, 00, 00, 00, 00, 00, 00
00, 00, 00, 00, 00, 00, 00, 00, 00, 00, 00, 00, 00, 00, 00, 00
00, 00, 00, 00, 00, 00, 00, 00, 00, 00, 00, 00, 00, 00, 00, 00
00, 00, 00, 00, 00, 00, 00, 00, 00, 00, 00, 00, 00, 00, 00, 00
00, 00, 00, 00, 00, 00, 00, 00, 00, 00, 00, 00, 00, 00, 00, 00
00, 00, 00, 00, 00, 00, 00, 00, 00, 00, 00, 00, 00, 00, 00, 00
00, 00, 00, 00, 00, 00, 00, 00, 00, 00, 00, 00, 00, 00, 00, 00
00, 00, 00, 00, 00, 00, 00, 00, 00, 00, 00, 00, 00, 00, 00, 00
00, 00, 00, 00, 00, 00, 00, 00, 00, 00, 00, 00, 00, 00, 00, 00
00, 00, 00, 00, 00, 00, 00, 00, 00, 00, 00, 00, 00, 00, 00, 00
00, 00, 00, 00, 00, 00, 00, 00, 00, 00, 00, 00, 00, 00, 00, 00
00, 00, 00, 00, 00, 00, 00, 00, 00, 00, 00, 00, 00, 00, 00, 00
00, 00, 00, 00, 00, 00, 00, 00, 00, 00, 00, 00, 00, 00, 00, 00
00, 00, 00, 00, 00, 00, 00, 00, 00, 00, 00, 00, 00, 00, 00, 00
00, 00, 00, 00, 00, 00, 00, 00, 00, 00, 00, 00, 00, 00, 00, 00
00, 00, 00, 00, 00, 00, 00, 00, 00, 00, 00, 00, 00, 00, 00, 00
00, 00, 00, 00, 00, 00, 00, 00, 00, 00, 00, 00, 00, 00, 00, 00
00, 00, 00, 00, 00, 00, 00, 00, 00, 00, 00, 00, 00, 00, 00, 00
00, 00, 00, 00, 00, 00, 00, 00, 00, 00, 00, 00, 00, 00, 00, 00
00, 00, 00, 00, 00, 00, 00, 00, 00, 00, 00, 00, 00, 00, 00, 00
00, 00, 00, 00, 00, 00, 00, 00, 00, 00, 00, 00, 00, 00, 00, 00
00, 00, 00, 00, 00, 00, 00, 00, 00, 00, 00, 00, 00, 00, 00, 00
00, 00, 00, 00, 00, 00, 00, 00, 00, 00, 00, 00, 00, 00, 00, 00
00, 00, 00, 00, 00, 00, 00, 00, 00, 00, 00, 00, 00, 00, 00, 00
00, 00, 00, 00, 00, 00, 00, 00, 00, 00, 00, 00, 00, 00, 00, 00
00, 00, 00, 00, 00, 00, 00, 00, 00, 00, 00, 00, 00, 00, 00, 00
00, 00, 00, 00, 00, 00, 00, 00, 00, 00, 00, 00, 00, 00, 00, 00
00, 00, 00, 00, 00, 00, 00, 00, 00, 00, 00, 00, 00, 00, 00, 00
00, 00, 00, 00, 00, 00, 00, 00, 00, 00, 00, 00, 00, 00, 00, 00
6D, 10, 9D, 00, 00, 00, 00, 00, 00, 00, 00, 00, 00, 00, 00, 10
00, 00, 00, 00, 40, 00, 00, 00, 00, 00, 00, 00, 00, 00, 3F, 00
6D, 00, 00, 00, FF, 7D, 6D, EF, 00, 00, 6D, EF, 00, 7D, 6D, 00
00, 6D, 00, AF, 00, 00, 6D, 6D, 6D, 2D, 6D, 00, BF, 2D, 00, 6D
DE, 7B, 76, 6F, 32, 53, D2, 3E, 94, 32, 10, 2E, AD, 2D, 6B, 2D
2A, 29, E9, 20, A8, 14, 86, 10, 64, 0C, 42, 08, 00, 00, 00, 10
00, 00, 00, 00, 00, 00, 00, 00, 00, 00, 00, 00, 00, 00, 00, 00
00, 00, 00, 00, 00, 00, 00, 00, 00, 00, 00, 00, 00, 00, 00, 00
00, 00, 00, 00, 00, 00, 00, 00, 00, 00, 00, 00, 00, 00, 00, 00
00, 00, 00, 00, 00, 00, 00, 00, 00, 00, 00, 00, 00, 00, 00, 00
00, 00, 00, 00, 00, 00, 00, 00, 00, 00, 00, 00, 00, 00, 00, 00
00, 00, 00, 00, 00, 00, 00, 00, 00, 00, 00, 00, 00, 00, 00, 00
00, FF, 00, FF, 00, 00, FF, 00, 00, 00, 6D, 00, 00, 00, FF, FF
FF, FF, 00, 00, BF, 00, 00, 6D, BF, 00, BF, 00, BF, 00, 6D, 00
00, 00, 00, 00, 6D, 00, 6D, 00, 00, 6D, 00, 00, 00, 7D, 00, 00
6D, 00, 2D, 00, 00, 00, 2D, 00, 00, 00, 2D, 00, 00, 00, 6D, 00
